1,1,51.485,624.0299999999999,-1,-1,1,-1,-1,-1
2,1,59.73499999999999,623.785,-1,-1,1,-1,-1,-1
3,1,69.47,624.095,-1,-1,1,-1,-1,-1
4,1,81.825,623.53,-1,-1,1,-1,-1,-1
5,1,91.87,623.51,-1,-1,1,-1,-1,-1
6,1,101.05,623.2299999999999,-1,-1,1,-1,-1,-1
7,1,113.81,623.68,-1,-1,1,-1,-1,-1
8,1,124.0,622.615,-1,-1,1,-1,-1,-1
9,1,137.12999999999997,616.3099999999998,-1,-1,1,-1,-1,-1
10,1,144.735,616.5,-1,-1,1,-1,-1,-1
11,1,155.23499999999999,616.5249999999999,-1,-1,1,-1,-1,-1
12,1,164.68499999999997,616.3599999999999,-1,-1,1,-1,-1,-1
13,1,173.78,616.92,-1,-1,1,-1,-1,-1
14,1,184.81499999999997,616.68,-1,-1,1,-1,-1,-1
15,1,194.515,616.37,-1,-1,1,-1,-1,-1
16,1,204.09,616.7049999999999,-1,-1,1,-1,-1,-1
17,1,212.99999999999997,616.24,-1,-1,1,-1,-1,-1
18,1,221.61,615.9549999999999,-1,-1,1,-1,-1,-1
19,1,234.295,615.94,-1,-1,1,-1,-1,-1
20,1,243.255,622.635,-1,-1,1,-1,-1,-1
21,1,250.84499999999997,622.92,-1,-1,1,-1,-1,-1
22,1,260.87,616.2850000000001,-1,-1,1,-1,-1,-1
23,1,269.065,616.9849999999998,-1,-1,1,-1,-1,-1
24,1,276.78,623.3449999999999,-1,-1,1,-1,-1,-1
25,1,289.82499999999993,622.64,-1,-1,1,-1,-1,-1
26,1,299.48,623.04,-1,-1,1,-1,-1,-1
27,1,309.93,624.52,-1,-1,1,-1,-1,-1
28,1,324.975,624.2299999999999,-1,-1,1,-1,-1,-1
29,1,338.565,624.08,-1,-1,1,-1,-1,-1
30,1,348.1849999999999,630.7299999999999,-1,-1,1,-1,-1,-1
31,1,364.89,624.2299999999999,-1,-1,1,-1,-1,-1
32,1,378.1699999999999,630.7199999999999,-1,-1,1,-1,-1,-1
33,1,388.94,631.7750000000001,-1,-1,1,-1,-1,-1
34,1,403.37,631.925,-1,-1,1,-1,-1,-1
35,1,412.115,639.7149999999999,-1,-1,1,-1,-1,-1
36,1,420.62,647.7950000000001,-1,-1,1,-1,-1,-1
37,1,434.05499999999995,647.745,-1,-1,1,-1,-1,-1
38,1,437.335,655.72,-1,-1,1,-1,-1,-1
39,1,444.74999999999994,655.71,-1,-1,1,-1,-1,-1
40,1,451.605,655.275,-1,-1,1,-1,-1,-1
41,1,458.9099999999999,648.7049999999998,-1,-1,1,-1,-1,-1
42,1,460.695,648.0349999999999,-1,-1,1,-1,-1,-1
43,1,461.78999999999996,647.5949999999999,-1,-1,1,-1,-1,-1
44,1,465.985,640.9449999999999,-1,-1,1,-1,-1,-1
45,2,467.975,633.21,-1,-1,1,-1,-1,-1
46,2,469.90999999999997,624.075,-1,-1,1,-1,-1,-1
47,2,473.99999999999994,615.7449999999999,-1,-1,1,-1,-1,-1
48,2,476.55499999999995,608.4699999999999,-1,-1,1,-1,-1,-1
48,3,434.08000000000004,680.3,-1,-1,1,-1,-1,-1
49,4,482.10999999999996,593.39,-1,-1,1,-1,-1,-1
50,4,486.31499999999994,577.605,-1,-1,1,-1,-1,-1
51,4,492.35499999999996,575.1,-1,-1,1,-1,-1,-1
52,4,498.37499999999994,568.5699999999998,-1,-1,1,-1,-1,-1
53,4,502.095,558.9549999999999,-1,-1,1,-1,-1,-1
54,4,509.71,558.615,-1,-1,1,-1,-1,-1
55,4,518.03,553.3799999999999,-1,-1,1,-1,-1,-1
55,5,466.575,645.995,-1,-1,1,-1,-1,-1
56,4,522.9749999999999,553.2,-1,-1,1,-1,-1,-1
56,5,472.865,646.24,-1,-1,1,-1,-1,-1
57,4,530.41,552.0599999999998,-1,-1,1,-1,-1,-1
57,5,480.18999999999994,641.61,-1,-1,1,-1,-1,-1
58,4,539.035,551.3949999999999,-1,-1,1,-1,-1,-1
58,5,490.12999999999994,640.145,-1,-1,1,-1,-1,-1
59,4,550.005,551.4949999999999,-1,-1,1,-1,-1,-1
59,5,500.37499999999994,640.6,-1,-1,1,-1,-1,-1
60,4,561.6149999999999,552.045,-1,-1,1,-1,-1,-1
60,5,508.92999999999995,641.0199999999999,-1,-1,1,-1,-1,-1
61,4,572.93,552.4849999999999,-1,-1,1,-1,-1,-1
61,5,524.52,646.565,-1,-1,1,-1,-1,-1
62,4,586.6099999999999,552.7299999999999,-1,-1,1,-1,-1,-1
62,5,537.51,646.8399999999998,-1,-1,1,-1,-1,-1
63,4,601.345,551.87,-1,-1,1,-1,-1,-1
63,5,548.375,646.3599999999999,-1,-1,1,-1,-1,-1
64,4,617.71,552.2899999999998,-1,-1,1,-1,-1,-1
64,5,563.8499999999998,641.415,-1,-1,1,-1,-1,-1
65,4,628.7749999999999,552.645,-1,-1,1,-1,-1,-1
65,5,579.8949999999999,640.5849999999999,-1,-1,1,-1,-1,-1
66,4,644.385,551.46,-1,-1,1,-1,-1,-1
66,5,595.9,640.4449999999998,-1,-1,1,-1,-1,-1
67,4,659.5399999999998,550.985,-1,-1,1,-1,-1,-1
67,5,611.81,638.8849999999999,-1,-1,1,-1,-1,-1
68,4,675.8549999999999,543.95,-1,-1,1,-1,-1,-1
68,5,629.09,639.045,-1,-1,1,-1,-1,-1
69,4,692.9,543.835,-1,-1,1,-1,-1,-1
69,5,643.8699999999999,638.605,-1,-1,1,-1,-1,-1
70,4,709.5799999999999,543.8849999999999,-1,-1,1,-1,-1,-1
70,5,660.5799999999998,638.9300000000001,-1,-1,1,-1,-1,-1
71,4,729.5699999999999,543.835,-1,-1,1,-1,-1,-1
71,5,676.4449999999998,638.635,-1,-1,1,-1,-1,-1
72,4,746.75,544.515,-1,-1,1,-1,-1,-1
72,5,693.2599999999999,639.2399999999999,-1,-1,1,-1,-1,-1
73,4,761.72,550.5350000000001,-1,-1,1,-1,-1,-1
73,5,708.1999999999999,639.8799999999999,-1,-1,1,-1,-1,-1
74,4,773.6949999999999,552.1499999999999,-1,-1,1,-1,-1,-1
74,5,725.5799999999999,641.1700000000001,-1,-1,1,-1,-1,-1
75,4,789.5,552.12,-1,-1,1,-1,-1,-1
75,5,741.18,646.32,-1,-1,1,-1,-1,-1
76,4,809.7049999999998,551.5849999999999,-1,-1,1,-1,-1,-1
76,5,756.9349999999998,648.285,-1,-1,1,-1,-1,-1
77,4,826.8249999999999,551.1499999999999,-1,-1,1,-1,-1,-1
77,5,771.8499999999999,649.4200000000001,-1,-1,1,-1,-1,-1
78,4,842.4949999999999,552.545,-1,-1,1,-1,-1,-1
78,5,788.7449999999998,655.3499999999999,-1,-1,1,-1,-1,-1
79,4,858.4999999999999,559.1600000000001,-1,-1,1,-1,-1,-1
79,5,805.645,662.55,-1,-1,1,-1,-1,-1
80,4,874.985,560.3299999999998,-1,-1,1,-1,-1,-1
80,5,821.4649999999998,664.8249999999999,-1,-1,1,-1,-1,-1
81,4,893.4399999999999,566.44,-1,-1,1,-1,-1,-1
81,5,842.5499999999998,670.095,-1,-1,1,-1,-1,-1
82,4,914.26,567.09,-1,-1,1,-1,-1,-1
82,5,865.535,670.7650000000001,-1,-1,1,-1,-1,-1
83,4,933.175,568.5250000000001,-1,-1,1,-1,-1,-1
83,5,889.5299999999999,670.2149999999999,-1,-1,1,-1,-1,-1
84,4,956.1649999999998,575.4300000000001,-1,-1,1,-1,-1,-1
84,5,906.7499999999999,670.9799999999999,-1,-1,1,-1,-1,-1
85,4,973.6349999999999,576.295,-1,-1,1,-1,-1,-1
85,5,925.3149999999999,671.0749999999999,-1,-1,1,-1,-1,-1
86,4,996.0699999999998,575.375,-1,-1,1,-1,-1,-1
86,5,946.0749999999999,671.1600000000001,-1,-1,1,-1,-1,-1
87,4,1013.2699999999999,575.0699999999999,-1,-1,1,-1,-1,-1
87,5,963.8849999999999,670.6,-1,-1,1,-1,-1,-1
88,4,1034.5149999999999,575.875,-1,-1,1,-1,-1,-1
88,5,986.075,664.8299999999999,-1,-1,1,-1,-1,-1
89,4,1051.7350000000001,568.4949999999999,-1,-1,1,-1,-1,-1
89,5,1001.0949999999999,663.2349999999999,-1,-1,1,-1,-1,-1
90,4,1068.285,568.1449999999999,-1,-1,1,-1,-1,-1
90,5,1019.5499999999997,654.94,-1,-1,1,-1,-1,-1
91,4,1084.1199999999997,567.0699999999999,-1,-1,1,-1,-1,-1
91,5,1035.78,649.3949999999999,-1,-1,1,-1,-1,-1
92,4,1100.75,560.82,-1,-1,1,-1,-1,-1
92,5,1052.675,641.4699999999999,-1,-1,1,-1,-1,-1
93,4,1116.08,552.9200000000001,-1,-1,1,-1,-1,-1
93,5,1066.6999999999998,638.5899999999999,-1,-1,1,-1,-1,-1
94,4,1131.225,545.0099999999999,-1,-1,1,-1,-1,-1
94,5,1082.1399999999999,630.46,-1,-1,1,-1,-1,-1
95,4,1146.37,536.36,-1,-1,1,-1,-1,-1
95,5,1097.4099999999999,624.305,-1,-1,1,-1,-1,-1
96,4,1155.5149999999999,535.4899999999999,-1,-1,1,-1,-1,-1
96,5,1108.0,617.8649999999999,-1,-1,1,-1,-1,-1
97,4,1170.455,528.715,-1,-1,1,-1,-1,-1
97,5,1120.7150000000001,614.26,-1,-1,1,-1,-1,-1
98,4,1181.835,527.31,-1,-1,1,-1,-1,-1
98,5,1133.2350000000001,608.2249999999999,-1,-1,1,-1,-1,-1
99,4,1195.435,520.66,-1,-1,1,-1,-1,-1
99,5,1146.5949999999998,606.99,-1,-1,1,-1,-1,-1
100,4,1206.0700000000002,519.775,-1,-1,1,-1,-1,-1
100,5,1157.51,601.65,-1,-1,1,-1,-1,-1
101,4,1219.0149999999999,519.4099999999999,-1,-1,1,-1,-1,-1
101,5,1179.55,600.3349999999999,-1,-1,1,-1,-1,-1
102,4,1234.125,519.535,-1,-1,1,-1,-1,-1
102,5,1193.685,600.49,-1,-1,1,-1,-1,-1
103,4,1251.23,518.99,-1,-1,1,-1,-1,-1
103,5,1210.4099999999999,600.5499999999998,-1,-1,1,-1,-1,-1
104,4,1266.8449999999998,519.34,-1,-1,1,-1,-1,-1
104,5,1225.76,599.71,-1,-1,1,-1,-1,-1
105,4,1289.5149999999999,518.8,-1,-1,1,-1,-1,-1
105,5,1243.25,599.4499999999999,-1,-1,1,-1,-1,-1
106,4,1306.2299999999998,512.4,-1,-1,1,-1,-1,-1
106,5,1259.845,599.7549999999999,-1,-1,1,-1,-1,-1
107,4,1323.8499999999997,511.7849999999999,-1,-1,1,-1,-1,-1
107,5,1277.0,599.4549999999998,-1,-1,1,-1,-1,-1
108,4,1341.08,511.41499999999996,-1,-1,1,-1,-1,-1
108,5,1299.1199999999997,600.53,-1,-1,1,-1,-1,-1
109,4,1356.8549999999998,512.225,-1,-1,1,-1,-1,-1
109,5,1315.3999999999999,600.69,-1,-1,1,-1,-1,-1
110,4,1377.6350000000002,512.1700000000001,-1,-1,1,-1,-1,-1
110,5,1332.79,601.38,-1,-1,1,-1,-1,-1
111,4,1397.445,511.695,-1,-1,1,-1,-1,-1
111,5,1348.4099999999999,606.34,-1,-1,1,-1,-1,-1
112,4,1411.315,512.4,-1,-1,1,-1,-1,-1
112,5,1369.545,607.16,-1,-1,1,-1,-1,-1
113,4,1429.005,511.21999999999997,-1,-1,1,-1,-1,-1
113,5,1380.325,607.425,-1,-1,1,-1,-1,-1
114,4,1441.995,511.47499999999997,-1,-1,1,-1,-1,-1
114,5,1396.9799999999998,607.0899999999999,-1,-1,1,-1,-1,-1
115,4,1458.9049999999997,512.1399999999999,-1,-1,1,-1,-1,-1
115,5,1410.5900000000001,607.9549999999999,-1,-1,1,-1,-1,-1
116,4,1473.465,512.5849999999999,-1,-1,1,-1,-1,-1
116,5,1427.055,609.47,-1,-1,1,-1,-1,-1
117,4,1489.5549999999998,518.67,-1,-1,1,-1,-1,-1
117,5,1441.79,614.6349999999999,-1,-1,1,-1,-1,-1
118,4,1501.605,521.28,-1,-1,1,-1,-1,-1
118,5,1457.455,616.575,-1,-1,1,-1,-1,-1
119,4,1522.5199999999998,528.1850000000001,-1,-1,1,-1,-1,-1
119,5,1472.7099999999998,622.2399999999999,-1,-1,1,-1,-1,-1
120,4,1539.8149999999998,528.51,-1,-1,1,-1,-1,-1
120,5,1485.87,624.98,-1,-1,1,-1,-1,-1
121,4,1555.0949999999998,543.3050000000001,-1,-1,1,-1,-1,-1
121,5,1507.1999999999998,631.56,-1,-1,1,-1,-1,-1
122,5,1522.8400000000001,638.975,-1,-1,1,-1,-1,-1
123,4,1593.865,544.8899999999999,-1,-1,1,-1,-1,-1
123,5,1540.83,640.76,-1,-1,1,-1,-1,-1
124,4,1611.75,552.69,-1,-1,1,-1,-1,-1
124,5,1562.1799999999996,647.265,-1,-1,1,-1,-1,-1
125,4,1627.9099999999996,560.4149999999998,-1,-1,1,-1,-1,-1
125,5,1577.9549999999997,649.2899999999998,-1,-1,1,-1,-1,-1
126,4,1644.8799999999999,561.505,-1,-1,1,-1,-1,-1
126,5,1594.2849999999999,655.835,-1,-1,1,-1,-1,-1
127,5,1613.16,656.7149999999999,-1,-1,1,-1,-1,-1
128,4,1684.8249999999996,568.68,-1,-1,1,-1,-1,-1
128,5,1635.19,664.29,-1,-1,1,-1,-1,-1
129,4,1709.6,575.37,-1,-1,1,-1,-1,-1
129,5,1659.83,670.435,-1,-1,1,-1,-1,-1
130,4,1729.865,576.025,-1,-1,1,-1,-1,-1
130,5,1682.6449999999998,665.625,-1,-1,1,-1,-1,-1
131,4,1748.6049999999998,575.18,-1,-1,1,-1,-1,-1
131,5,1700.0,665.5849999999999,-1,-1,1,-1,-1,-1
132,4,1772.0399999999997,575.7049999999999,-1,-1,1,-1,-1,-1
132,5,1723.4149999999997,665.3399999999999,-1,-1,1,-1,-1,-1
133,4,1789.345,576.39,-1,-1,1,-1,-1,-1
133,5,1738.79,665.075,-1,-1,1,-1,-1,-1
134,4,1804.3,576.71,-1,-1,1,-1,-1,-1
134,5,1755.9749999999997,664.415,-1,-1,1,-1,-1,-1
